0.000000 0.000000 0.000000
0.000780 0.007300 0.003040
0.001570 0.014600 0.006120
0.002380 0.021890 0.009230
0.003190 0.029170 0.012390
0.004020 0.036450 0.015580
0.004870 0.043590 0.018810
0.005540 0.050160 0.021900
0.005780 0.056350 0.024570
0.005580 0.062210 0.026840
0.004940 0.067810 0.028680
0.003840 0.073190 0.030100
0.002300 0.078380 0.031090
0.000290 0.083410 0.031650
0.000000 0.088290 0.031760
0.000000 0.093050 0.031440
0.000000 0.097700 0.030670
0.000000 0.102240 0.029480
0.000000 0.106690 0.027990
0.000000 0.110870 0.026690
0.000000 0.114750 0.025760
0.000000 0.118410 0.025170
0.000000 0.121950 0.024910
0.000000 0.125410 0.024970
0.000000 0.128780 0.025350
0.000000 0.132090 0.026050
0.000000 0.135420 0.027070
0.000000 0.138810 0.028390
0.000000 0.142250 0.030020
0.000000 0.145740 0.031960
0.000000 0.149270 0.034110
0.000000 0.152850 0.036290
0.000000 0.156470 0.038510
0.000000 0.160130 0.040740
0.000000 0.163830 0.042930
0.000000 0.167560 0.045070
0.000000 0.171330 0.047170
0.000000 0.175120 0.049240
0.000000 0.178910 0.051270
0.000000 0.182680 0.053230
0.000000 0.186460 0.055150
0.000000 0.190240 0.057050
0.000000 0.194030 0.058910
0.000000 0.197830 0.060750
0.000000 0.201640 0.062550
0.000000 0.205450 0.064330
0.000000 0.209270 0.066090
0.000000 0.213090 0.067820
0.000000 0.216930 0.069590
0.000000 0.220770 0.071410
0.000000 0.224620 0.073270
0.000000 0.228470 0.075180
0.000000 0.232340 0.077130
0.000000 0.236210 0.079130
0.000000 0.240080 0.081160
0.000000 0.243970 0.083250
0.000000 0.247860 0.085370
0.000000 0.251760 0.087540
0.000000 0.255670 0.089750
0.000000 0.259580 0.092000
0.000000 0.263500 0.094300
0.000000 0.267430 0.096630
0.000000 0.271360 0.099010
0.000000 0.275300 0.101430
0.000000 0.279250 0.103890
0.000000 0.283200 0.106390
0.000000 0.287160 0.108930
0.000000 0.291120 0.111510
0.000000 0.295100 0.114130
0.000000 0.299070 0.116790
0.000000 0.303060 0.119490
0.000000 0.307050 0.122220
0.000000 0.311040 0.125000
0.000000 0.315040 0.127810
0.000000 0.319050 0.130660
0.000000 0.323060 0.133550
0.000000 0.327070 0.136470
0.000000 0.331090 0.139420
0.000000 0.335110 0.142420
0.000000 0.339140 0.145450
0.000000 0.343170 0.148510
0.000000 0.347200 0.151610
0.000000 0.351240 0.154740
0.000000 0.355280 0.157910
0.000000 0.359330 0.161110
0.000000 0.363380 0.164340
0.000000 0.367430 0.167610
0.000000 0.371490 0.170910
0.000000 0.375550 0.174250
0.000000 0.379610 0.177610
0.000000 0.383680 0.181010
0.000000 0.387750 0.184450
0.000000 0.391820 0.187910
0.000000 0.395900 0.191400
0.000000 0.399970 0.194930
0.000000 0.404050 0.198490
0.000000 0.408140 0.202080
0.000000 0.412220 0.205700
0.000000 0.416310 0.209350
0.000000 0.420400 0.213030
0.000000 0.424490 0.216740
0.000000 0.428580 0.220480
0.000000 0.432680 0.224260
0.000000 0.436780 0.228060
0.000000 0.440880 0.231890
0.000000 0.444980 0.235740
0.000000 0.449080 0.239630
0.000000 0.453180 0.243550
0.000000 0.457290 0.247490
0.000000 0.461390 0.251460
0.000000 0.465500 0.255470
0.000000 0.469610 0.259490
0.000000 0.473720 0.263550
0.000000 0.477820 0.267630
0.000000 0.481930 0.271740
0.000000 0.486040 0.275880
0.000000 0.490150 0.280040
0.000000 0.494270 0.284230
0.000000 0.498380 0.288450
0.000000 0.502490 0.292690
0.000000 0.506600 0.296960
0.000000 0.510710 0.301250
0.000000 0.514820 0.305570
0.000000 0.518930 0.309910
0.000000 0.523040 0.314280
0.000000 0.527140 0.318670
0.000000 0.531250 0.323090
0.000000 0.535360 0.327530
0.000000 0.539460 0.331990
0.000000 0.543570 0.336480
0.000000 0.547670 0.340990
0.000000 0.551770 0.345530
0.000000 0.555870 0.350090
0.000000 0.559970 0.354670
0.000000 0.564060 0.359270
0.000000 0.568150 0.363900
0.007420 0.572250 0.368550
0.019640 0.576340 0.373220
0.032420 0.580420 0.377910
0.045510 0.584510 0.382620
0.057310 0.588590 0.387360
0.068010 0.592670 0.392110
0.077950 0.596740 0.396890
0.087310 0.600820 0.401680
0.096220 0.604890 0.406500
0.104790 0.608950 0.411340
0.113070 0.613010 0.416190
0.121120 0.617070 0.421070
0.128980 0.621130 0.425960
0.136680 0.625180 0.430880
0.144250 0.629230 0.435810
0.151700 0.633270 0.440760
0.159060 0.637310 0.445730
0.166340 0.641340 0.450720
0.173540 0.645370 0.455720
0.180700 0.649400 0.460740
0.187800 0.653420 0.465780
0.194860 0.657430 0.470840
0.201890 0.661440 0.475910
0.208890 0.665450 0.481000
0.215880 0.669450 0.486110
0.222840 0.673440 0.491230
0.229790 0.677430 0.496370
0.236740 0.681410 0.501520
0.243680 0.685390 0.506690
0.250620 0.689350 0.511870
0.257570 0.693320 0.517060
0.264510 0.697270 0.522280
0.271470 0.701220 0.527500
0.278430 0.705160 0.532740
0.285410 0.709100 0.537990
0.292400 0.713030 0.543260
0.299400 0.716950 0.548530
0.306430 0.720860 0.553820
0.313470 0.724770 0.559130
0.320530 0.728660 0.564440
0.327610 0.732550 0.569770
0.334720 0.736440 0.575110
0.341850 0.740310 0.580450
0.349000 0.744170 0.585810
0.356180 0.748030 0.591180
0.363390 0.751880 0.596560
0.370630 0.755710 0.601950
0.377890 0.759540 0.607350
0.385180 0.763360 0.612760
0.392510 0.767170 0.618180
0.399860 0.770970 0.623610
0.407250 0.774760 0.629040
0.414670 0.778540 0.634490
0.422120 0.782310 0.639940
0.429600 0.786070 0.645400
0.437120 0.789820 0.650860
0.444680 0.793560 0.656330
0.452260 0.797290 0.661810
0.459890 0.801010 0.667300
0.467550 0.804710 0.672790
0.475240 0.808410 0.678290
0.482980 0.812090 0.683790
0.490750 0.815760 0.689290
0.498550 0.819420 0.694810
0.506400 0.823060 0.700320
0.514280 0.826700 0.705840
0.522200 0.830320 0.711360
0.530160 0.833930 0.716890
0.538160 0.837530 0.722420
0.546200 0.841110 0.727950
0.554270 0.844680 0.733480
0.562390 0.848240 0.739020
0.570550 0.851780 0.744560
0.578740 0.855310 0.750090
0.586980 0.858830 0.755630
0.595250 0.862330 0.761170
0.603570 0.865820 0.766710
0.611930 0.869300 0.772250
0.620320 0.872750 0.777790
0.628760 0.876200 0.783330
0.637240 0.879630 0.788870
0.645760 0.883040 0.794400
0.654320 0.886440 0.799940
0.662920 0.889830 0.805470
0.671570 0.893200 0.811000
0.680250 0.896550 0.816520
0.688980 0.899890 0.822040
0.697740 0.903210 0.827560
0.706550 0.906510 0.833080
0.715400 0.909800 0.838590
0.724290 0.913070 0.844090
0.733220 0.916330 0.849590
0.742200 0.919570 0.855090
0.751210 0.922790 0.860580
0.760270 0.925990 0.866060
0.769370 0.929180 0.871530
0.778510 0.932350 0.877000
0.787690 0.935500 0.882460
0.796910 0.938630 0.887920
0.806180 0.941750 0.893360
0.815480 0.944840 0.898800
0.824830 0.947920 0.904230
0.834210 0.950980 0.909650
0.843640 0.954020 0.915060
0.853110 0.957040 0.920460
0.862620 0.960050 0.925850
0.872170 0.963030 0.931230
0.881760 0.966000 0.936590
0.891400 0.968940 0.941950
0.901070 0.971870 0.947290
0.910780 0.974770 0.952620
0.920540 0.977660 0.957940
0.930330 0.980520 0.963250
0.940160 0.983370 0.968540
0.950040 0.986190 0.973820
0.959950 0.988990 0.979090
0.969900 0.991780 0.984340
0.979900 0.994540 0.989570
0.989930 0.997280 0.994800
1.000000 1.000000 1.000000
