0.000000 0.000000 0.000000
0.006710 0.005730 0.001190
0.013410 0.011460 0.002390
0.020100 0.017190 0.003600
0.026790 0.022920 0.004810
0.033470 0.028650 0.006030
0.040150 0.034390 0.007260
0.046450 0.040120 0.008490
0.052320 0.045550 0.009700
0.058040 0.050510 0.010810
0.063510 0.055140 0.011670
0.068740 0.059510 0.012220
0.073770 0.063650 0.012450
0.078610 0.067590 0.012370
0.083310 0.071360 0.011960
0.087870 0.074970 0.011230
0.092300 0.078440 0.010170
0.096630 0.081780 0.008780
0.100860 0.085010 0.007050
0.105010 0.088130 0.004980
0.109070 0.091160 0.002570
0.113080 0.094110 0.000000
0.117160 0.097030 0.000000
0.121200 0.099980 0.000000
0.125190 0.102940 0.000000
0.129160 0.105910 0.000000
0.133090 0.108910 0.000000
0.137000 0.111920 0.000000
0.140880 0.114950 0.000000
0.144740 0.117990 0.000000
0.148580 0.121050 0.000000
0.152400 0.124120 0.000000
0.156210 0.127210 0.000000
0.160000 0.130310 0.000000
0.163790 0.133430 0.000000
0.167560 0.136560 0.000000
0.171320 0.139710 0.000000
0.175070 0.142870 0.000000
0.178810 0.146040 0.000000
0.182550 0.149230 0.000000
0.186290 0.152420 0.000000
0.190010 0.155640 0.000000
0.193740 0.158860 0.000000
0.197460 0.162090 0.000000
0.201180 0.165340 0.000000
0.204890 0.168600 0.000000
0.208610 0.171880 0.000000
0.212320 0.175160 0.000000
0.216040 0.178460 0.000000
0.219750 0.181760 0.000000
0.223460 0.185080 0.000000
0.227180 0.188410 0.000000
0.230890 0.191750 0.000000
0.234610 0.195100 0.000000
0.238320 0.198470 0.000000
0.242040 0.201840 0.000000
0.245760 0.205220 0.000000
0.249490 0.208620 0.000000
0.253210 0.212020 0.000000
0.256940 0.215440 0.000000
0.260670 0.218870 0.000000
0.264400 0.222300 0.000000
0.268140 0.225750 0.000000
0.271880 0.229200 0.000000
0.275620 0.232670 0.000000
0.279370 0.236150 0.000000
0.283120 0.239630 0.000000
0.286880 0.243130 0.000000
0.290650 0.246630 0.000000
0.294420 0.250150 0.000000
0.298210 0.253670 0.000000
0.302010 0.257200 0.000000
0.305810 0.260740 0.000000
0.309620 0.264290 0.000000
0.313440 0.267850 0.000000
0.317270 0.271410 0.000000
0.321110 0.274990 0.000000
0.324950 0.278570 0.000000
0.328800 0.282170 0.000000
0.332660 0.285770 0.000000
0.336520 0.289380 0.000000
0.340400 0.293000 0.000000
0.344270 0.296620 0.000000
0.348160 0.300260 0.000000
0.352050 0.303900 0.000000
0.355950 0.307560 0.000000
0.359850 0.311220 0.000000
0.363770 0.314890 0.000000
0.367680 0.318570 0.000000
0.371600 0.322250 0.000000
0.375530 0.325950 0.000000
0.379470 0.329650 0.000000
0.383410 0.333360 0.000000
0.387350 0.337080 0.000000
0.391300 0.340810 0.000000
0.395260 0.344550 0.000000
0.399220 0.348290 0.000000
0.403180 0.352040 0.000000
0.407150 0.355800 0.000000
0.411120 0.359570 0.000000
0.415090 0.363350 0.000000
0.419070 0.367130 0.000000
0.423040 0.370920 0.000000
0.427020 0.374730 0.000000
0.431000 0.378540 0.000000
0.434980 0.382350 0.000000
0.438970 0.386180 0.000000
0.442950 0.390010 0.000000
0.446940 0.393850 0.000000
0.450930 0.397700 0.000000
0.454920 0.401560 0.000000
0.458920 0.405420 0.000000
0.462910 0.409300 0.000000
0.466910 0.413180 0.000000
0.470910 0.417060 0.000000
0.474910 0.420960 0.000000
0.478910 0.424860 0.000000
0.482920 0.428780 0.000000
0.486920 0.432690 0.000000
0.490930 0.436620 0.000000
0.494940 0.440550 0.000000
0.498950 0.444500 0.000000
0.502960 0.448450 0.000000
0.506970 0.452400 0.000000
0.510980 0.456370 0.000000
0.515000 0.460320 0.000000
0.519010 0.464280 0.000000
0.523030 0.468240 0.000000
0.527040 0.472210 0.000000
0.531060 0.476190 0.000000
0.535080 0.480180 0.000000
0.539100 0.484170 0.000000
0.543120 0.488170 0.000000
0.547130 0.492180 0.000000
0.551150 0.496200 0.000000
0.555170 0.500220 0.000000
0.559190 0.504250 0.000000
0.563210 0.508280 0.000000
0.567230 0.512320 0.000000
0.571250 0.516370 0.000000
0.575270 0.520420 0.000000
0.579290 0.524470 0.000000
0.583310 0.528530 0.000000
0.587330 0.532600 0.000000
0.591350 0.536670 0.000000
0.595360 0.540740 0.000000
0.599380 0.544820 0.000000
0.603390 0.548910 0.000000
0.607410 0.553000 0.000000
0.611420 0.557090 0.000000
0.615430 0.561190 0.000000
0.619440 0.565300 0.006690
0.623450 0.569410 0.016180
0.627450 0.573520 0.026310
0.631460 0.577640 0.037090
0.635460 0.581760 0.048000
0.639460 0.585880 0.058060
0.643450 0.590010 0.067520
0.647450 0.594150 0.076540
0.651440 0.598290 0.085220
0.655430 0.602430 0.093660
0.659410 0.606570 0.101890
0.663400 0.610720 0.109970
0.667380 0.614870 0.117930
0.671350 0.619030 0.125790
0.675330 0.623190 0.133580
0.679290 0.627350 0.141310
0.683260 0.631520 0.149010
0.687220 0.635690 0.156670
0.691180 0.639860 0.164310
0.695130 0.644040 0.171950
0.699080 0.648220 0.179580
0.703020 0.652400 0.187220
0.706960 0.656580 0.194870
0.710890 0.660770 0.202530
0.714820 0.664960 0.210220
0.718740 0.669150 0.217930
0.722660 0.673350 0.225660
0.726570 0.677540 0.233430
0.730480 0.681740 0.241230
0.734380 0.685940 0.249070
0.738270 0.690150 0.256950
0.742160 0.694350 0.264870
0.746040 0.698560 0.272830
0.749920 0.702770 0.280830
0.753780 0.706980 0.288890
0.757650 0.711190 0.296990
0.761500 0.715410 0.305140
0.765350 0.719620 0.313340
0.769190 0.723840 0.321590
0.773020 0.728060 0.329890
0.776840 0.732280 0.338250
0.780660 0.736500 0.346660
0.784470 0.740720 0.355130
0.788270 0.744940 0.363650
0.792060 0.749160 0.372230
0.795840 0.753390 0.380870
0.799620 0.757610 0.389560
0.803390 0.761840 0.398310
0.807140 0.766060 0.407120
0.810890 0.770290 0.416000
0.814630 0.774510 0.424930
0.818360 0.778740 0.433920
0.822090 0.782960 0.442970
0.825800 0.787190 0.452080
0.829500 0.791420 0.461250
0.833190 0.795640 0.470490
0.836870 0.799870 0.479790
0.840550 0.804090 0.489140
0.844210 0.808310 0.498560
0.847860 0.812540 0.508050
0.851500 0.816760 0.517590
0.855140 0.820980 0.527200
0.858760 0.825200 0.536870
0.862370 0.829420 0.546600
0.865970 0.833630 0.556400
0.869560 0.837850 0.566260
0.873130 0.842070 0.576180
0.876700 0.846280 0.586160
0.880250 0.850490 0.596210
0.883800 0.854700 0.606320
0.887330 0.858910 0.616500
0.890850 0.863110 0.626740
0.894360 0.867320 0.637040
0.897860 0.871520 0.647410
0.901340 0.875720 0.657830
0.904820 0.879910 0.668330
0.908280 0.884100 0.678880
0.911730 0.888300 0.689500
0.915170 0.892480 0.700180
0.918590 0.896670 0.710930
0.922000 0.900850 0.721740
0.925400 0.905030 0.732610
0.928790 0.909210 0.743550
0.932170 0.913380 0.754550
0.935530 0.917550 0.765610
0.938880 0.921710 0.776740
0.942210 0.925870 0.787920
0.945540 0.930030 0.799170
0.948850 0.934180 0.810490
0.952150 0.938330 0.821870
0.955430 0.942480 0.833310
0.958700 0.946620 0.844810
0.961960 0.950750 0.856370
0.965210 0.954890 0.868000
0.968440 0.959010 0.879690
0.971650 0.963130 0.891440
0.974860 0.967250 0.903260
0.978050 0.971360 0.915130
0.981230 0.975470 0.927070
0.984390 0.979570 0.939070
0.987540 0.983670 0.951140
0.990680 0.987760 0.963260
0.993800 0.991840 0.975440
0.996910 0.995920 0.987690
1.000000 1.000000 1.000000
