0.000000 0.000000 0.000000
0.012447 0.003075 0.010573
0.024830 0.006171 0.021123
0.037149 0.009289 0.031649
0.048743 0.012428 0.042103
0.059045 0.015476 0.051421
0.068855 0.018231 0.059745
0.078273 0.020648 0.067667
0.087386 0.022723 0.075273
0.096257 0.024450 0.082630
0.104927 0.025824 0.089785
0.113430 0.026843 0.096775
0.121705 0.027519 0.103832
0.130061 0.027569 0.111270
0.139213 0.026466 0.118690
0.148424 0.024776 0.125854
0.157205 0.022949 0.132745
0.165545 0.021066 0.139358
0.173435 0.019209 0.145686
0.180869 0.017458 0.151725
0.187838 0.015891 0.157471
0.194326 0.014645 0.162920
0.200476 0.013770 0.168185
0.206612 0.012860 0.173471
0.212740 0.011911 0.178780
0.218859 0.010924 0.184112
0.224969 0.009900 0.189466
0.231072 0.008841 0.194842
0.237166 0.007749 0.200239
0.243252 0.006625 0.205658
0.249331 0.005471 0.211097
0.255402 0.004289 0.216557
0.261465 0.003081 0.222037
0.267521 0.001848 0.227536
0.273569 0.000592 0.233055
0.279610 0.000000 0.238593
0.285644 0.000000 0.244150
0.291670 0.000000 0.249725
0.297689 0.000000 0.255318
0.303701 0.000000 0.260929
0.309706 0.000000 0.266558
0.315703 0.000000 0.272203
0.321693 0.000000 0.277866
0.327675 0.000000 0.283544
0.333646 0.000000 0.289236
0.339601 0.000000 0.294934
0.345540 0.000000 0.300641
0.351465 0.000000 0.306356
0.357376 0.000000 0.312080
0.363271 0.000000 0.317811
0.369152 0.000000 0.323549
0.375018 0.000000 0.329295
0.380869 0.000000 0.335048
0.386705 0.000000 0.340807
0.392527 0.000000 0.346573
0.398333 0.000000 0.352344
0.404124 0.000000 0.358121
0.409900 0.000000 0.363902
0.415661 0.000000 0.369689
0.421406 0.000000 0.375480
0.427136 0.000000 0.381275
0.432850 0.000000 0.387074
0.438549 0.000000 0.392876
0.444231 0.000000 0.398681
0.449897 0.000000 0.404488
0.455547 0.000000 0.410297
0.461181 0.000000 0.416108
0.466799 0.000000 0.421921
0.472399 0.000000 0.427734
0.477983 0.000000 0.433548
0.483550 0.000000 0.439361
0.489100 0.000000 0.445175
0.494632 0.000000 0.450987
0.500147 0.000000 0.456799
0.505644 0.000000 0.462608
0.511124 0.000000 0.468416
0.516585 0.000000 0.474221
0.522028 0.000000 0.480023
0.527453 0.000000 0.485822
0.532859 0.000000 0.491617
0.538247 0.000000 0.497407
0.543615 0.000000 0.503193
0.548965 0.000000 0.508974
0.554295 0.000000 0.514749
0.559605 0.001817 0.520518
0.564895 0.005492 0.526280
0.570166 0.009423 0.532035
0.575416 0.013615 0.537783
0.580646 0.018078 0.543523
0.585856 0.022818 0.549255
0.591044 0.027845 0.554977
0.596212 0.033166 0.560691
0.601358 0.038790 0.566394
0.606483 0.044530 0.572087
0.611586 0.050108 0.577770
0.616668 0.055563 0.583441
0.621727 0.060917 0.589100
0.626763 0.066189 0.594747
0.631778 0.071394 0.600382
0.636769 0.076543 0.606003
0.641737 0.081646 0.611610
0.646682 0.086711 0.617204
0.651604 0.091745 0.622782
0.656501 0.096754 0.628346
0.661375 0.101742 0.633894
0.666225 0.106716 0.639425
0.671050 0.111677 0.644940
0.675850 0.116629 0.650438
0.680626 0.121576 0.655918
0.685376 0.126519 0.661380
0.690101 0.131461 0.666823
0.694801 0.136404 0.672247
0.699474 0.141350 0.677652
0.704122 0.146300 0.683036
0.708742 0.151256 0.688399
0.713337 0.156219 0.693741
0.717904 0.161191 0.699062
0.722445 0.166171 0.704360
0.726958 0.171162 0.709635
0.731443 0.176164 0.714887
0.735901 0.181178 0.720115
0.740330 0.186204 0.725319
0.744731 0.191244 0.730497
0.749104 0.196298 0.735651
0.753447 0.201366 0.740778
0.757762 0.206448 0.745879
0.762047 0.211547 0.750953
0.766303 0.216661 0.755999
0.770528 0.221791 0.761018
0.774724 0.226937 0.766008
0.778889 0.232101 0.770968
0.783024 0.237281 0.775899
0.787128 0.242479 0.780800
0.791200 0.247694 0.785670
0.795242 0.252927 0.790509
0.799252 0.258178 0.795317
0.803230 0.263447 0.800092
0.807175 0.268735 0.804834
0.811089 0.274041 0.809542
0.814970 0.279365 0.814217
0.818818 0.284708 0.818858
0.822633 0.290070 0.823463
0.826415 0.295451 0.828033
0.830163 0.300851 0.832567
0.833877 0.306269 0.837065
0.837558 0.311707 0.841525
0.841204 0.317163 0.845948
0.844815 0.322639 0.850333
0.848392 0.328134 0.854679
0.851934 0.333647 0.858986
0.855441 0.339180 0.863253
0.858912 0.344732 0.867480
0.862347 0.350302 0.871666
0.865747 0.355892 0.875811
0.869111 0.361501 0.879914
0.872438 0.367128 0.883975
0.875729 0.372775 0.887993
0.878982 0.378440 0.891968
0.882199 0.384124 0.895899
0.885379 0.389827 0.899785
0.888521 0.395548 0.903627
0.891626 0.401287 0.907423
0.894693 0.407045 0.911173
0.897722 0.412822 0.914877
0.900713 0.418616 0.918534
0.903665 0.424429 0.922144
0.906579 0.430259 0.925705
0.909453 0.436108 0.929218
0.912289 0.441974 0.932683
0.915086 0.447858 0.936098
0.917844 0.453759 0.939463
0.920561 0.459678 0.942777
0.923240 0.465614 0.946041
0.925878 0.471567 0.949253
0.928477 0.477537 0.952414
0.931035 0.483524 0.955522
0.933553 0.489527 0.958578
0.936030 0.495548 0.961580
0.938467 0.501584 0.964528
0.940863 0.507636 0.967423
0.943218 0.513705 0.970263
0.945533 0.519790 0.973047
0.947806 0.525890 0.975776
0.950037 0.532005 0.978449
0.952228 0.538136 0.981066
0.954376 0.544282 0.983626
0.956484 0.550444 0.986128
0.958549 0.556620 0.988573
0.960573 0.562810 0.990960
0.962668 0.569121 0.992460
0.964808 0.575526 0.993253
0.966897 0.581937 0.994027
0.968936 0.588354 0.994781
0.970924 0.594777 0.995516
0.972862 0.601207 0.996231
0.974749 0.607642 0.996927
0.976586 0.614083 0.997602
0.978372 0.620530 0.998258
0.980107 0.626982 0.998893
0.981793 0.633440 0.999508
0.983428 0.639903 1.000000
0.985013 0.646372 1.000000
0.986548 0.652845 1.000000
0.988033 0.659324 1.000000
0.989468 0.665808 1.000000
0.990853 0.672297 1.000000
0.992189 0.678790 1.000000
0.993475 0.685288 1.000000
0.994711 0.691791 1.000000
0.995898 0.698298 1.000000
0.997035 0.704809 1.000000
0.998124 0.711324 1.000000
0.999163 0.717843 1.000000
1.000000 0.724366 1.000000
1.000000 0.730893 1.000000
1.000000 0.737423 1.000000
1.000000 0.743957 1.000000
1.000000 0.750493 1.000000
1.000000 0.757033 1.000000
1.000000 0.763576 1.000000
1.000000 0.770122 1.000000
1.000000 0.776671 1.000000
1.000000 0.783222 1.000000
1.000000 0.789776 1.000000
1.000000 0.796331 1.000000
1.000000 0.802917 1.000000
1.000000 0.809561 1.000000
1.000000 0.816200 1.000000
1.000000 0.822834 1.000000
1.000000 0.829463 1.000000
1.000000 0.836086 1.000000
1.000000 0.842703 1.000000
1.000000 0.849316 1.000000
1.000000 0.855923 1.000000
1.000000 0.862525 1.000000
1.000000 0.869121 1.000000
1.000000 0.875713 1.000000
1.000000 0.882299 1.000000
1.000000 0.888881 1.000000
1.000000 0.895457 1.000000
1.000000 0.902028 1.000000
1.000000 0.908594 1.000000
1.000000 0.915155 1.000000
1.000000 0.921711 1.000000
1.000000 0.928262 1.000000
1.000000 0.934808 1.000000
1.000000 0.941349 1.000000
1.000000 0.947885 1.000000
1.000000 0.954416 1.000000
1.000000 0.960942 1.000000
1.000000 0.967464 1.000000
1.000000 0.973981 1.000000
1.000000 0.980493 1.000000
1.000000 0.987000 1.000000
1.000000 0.993502 1.000000
1.000000 1.000000 1.000000
