0.000000 0.000000 0.000000
0.006710 0.004790 0.010470
0.013440 0.009580 0.020890
0.020200 0.014370 0.031270
0.026990 0.019150 0.041570
0.033790 0.023930 0.050910
0.040570 0.028650 0.059720
0.046870 0.033290 0.068300
0.052640 0.037860 0.076680
0.058000 0.042280 0.084910
0.063180 0.046300 0.092970
0.068170 0.049980 0.100970
0.072650 0.053400 0.109440
0.076770 0.056570 0.118150
0.080810 0.059510 0.126720
0.084790 0.062230 0.135170
0.088750 0.064750 0.143430
0.093270 0.066860 0.151510
0.098500 0.068510 0.159400
0.104350 0.069730 0.167100
0.110150 0.070800 0.174590
0.115690 0.071850 0.181860
0.120880 0.073080 0.188910
0.125710 0.074530 0.195730
0.130180 0.076200 0.202310
0.134410 0.078050 0.208710
0.138660 0.079910 0.215080
0.142930 0.081780 0.221410
0.147220 0.083660 0.227710
0.151540 0.085550 0.233980
0.155880 0.087460 0.240210
0.160250 0.089370 0.246410
0.164640 0.091300 0.252570
0.169050 0.093240 0.258700
0.173490 0.095190 0.264800
0.177950 0.097160 0.270870
0.182430 0.099130 0.276900
0.186940 0.101120 0.282910
0.191460 0.103130 0.288870
0.196010 0.105150 0.294810
0.200580 0.107180 0.300720
0.205180 0.109220 0.306590
0.209790 0.111280 0.312430
0.214430 0.113360 0.318240
0.219080 0.115450 0.324020
0.223760 0.117550 0.329760
0.228460 0.119670 0.335480
0.233170 0.121800 0.341160
0.237910 0.123950 0.346810
0.242660 0.126120 0.352430
0.247430 0.128300 0.358020
0.252220 0.130500 0.363570
0.257030 0.132710 0.369100
0.261850 0.134940 0.374590
0.266690 0.137190 0.380060
0.271550 0.139450 0.385490
0.276420 0.141730 0.390890
0.281310 0.144030 0.396250
0.286210 0.146340 0.401590
0.291130 0.148670 0.406900
0.296060 0.151020 0.412170
0.301010 0.153390 0.417410
0.305970 0.155770 0.422620
0.310940 0.158180 0.427800
0.315920 0.160600 0.432950
0.320910 0.163040 0.438070
0.325920 0.165490 0.443160
0.330930 0.167970 0.448220
0.335960 0.170460 0.453240
0.341000 0.172980 0.458240
0.346040 0.175510 0.463200
0.351100 0.178060 0.468130
0.356160 0.180630 0.473040
0.361230 0.183230 0.477910
0.366310 0.185840 0.482750
0.371400 0.188460 0.487560
0.376490 0.191110 0.492340
0.381590 0.193780 0.497090
0.386700 0.196470 0.501810
0.391810 0.199180 0.506500
0.396930 0.201910 0.511160
0.402050 0.204660 0.515780
0.407170 0.207430 0.520380
0.412300 0.210220 0.524950
0.417430 0.213030 0.529490
0.422570 0.215860 0.534000
0.427700 0.218710 0.538480
0.432840 0.221590 0.542930
0.437980 0.224480 0.547350
0.443120 0.227400 0.551740
0.448260 0.230330 0.556100
0.453400 0.233290 0.560430
0.458550 0.236270 0.564730
0.463690 0.239260 0.569000
0.468830 0.242290 0.573250
0.473960 0.245330 0.577460
0.479100 0.248390 0.581650
0.484230 0.251480 0.585810
0.489360 0.254580 0.589930
0.494490 0.257710 0.594030
0.499610 0.260860 0.598110
0.504730 0.264030 0.602150
0.509850 0.267220 0.606170
0.514960 0.270440 0.610150
0.520060 0.273680 0.614110
0.525160 0.276940 0.618050
0.530250 0.280220 0.621950
0.535340 0.283520 0.625830
0.540410 0.286840 0.629680
0.545480 0.290190 0.633500
0.550550 0.293560 0.637290
0.555600 0.296950 0.641060
0.560650 0.300370 0.644800
0.565680 0.303800 0.648520
0.570710 0.307260 0.652210
0.575720 0.310740 0.655870
0.580730 0.314240 0.659500
0.585720 0.317770 0.663110
0.590710 0.321320 0.666700
0.595680 0.324890 0.670260
0.600640 0.328480 0.673790
0.605580 0.332100 0.677290
0.610520 0.335730 0.680780
0.615440 0.339390 0.684230
0.620350 0.343070 0.687660
0.625240 0.346780 0.691070
0.630120 0.350510 0.694450
0.634980 0.354260 0.697810
0.639820 0.358030 0.701140
0.644660 0.361820 0.704450
0.649470 0.365640 0.707730
0.654270 0.369480 0.710990
0.659050 0.373340 0.714230
0.663810 0.377230 0.717440
0.668560 0.381130 0.720630
0.673290 0.385060 0.723800
0.678000 0.389020 0.726940
0.682680 0.392990 0.730060
0.687350 0.396990 0.733160
0.692010 0.401010 0.736240
0.696630 0.405050 0.739290
0.701240 0.409110 0.742320
0.705830 0.413200 0.745330
0.710400 0.417310 0.748320
0.714940 0.421440 0.751290
0.719460 0.425590 0.754230
0.723960 0.429770 0.757150
0.728440 0.433960 0.760060
0.732890 0.438180 0.762940
0.737320 0.442430 0.765800
0.741730 0.446690 0.768640
0.746110 0.450980 0.771460
0.750460 0.455280 0.774260
0.754790 0.459610 0.777050
0.759100 0.463970 0.779810
0.763370 0.468340 0.782550
0.767620 0.472740 0.785270
0.771850 0.477150 0.787980
0.776040 0.481590 0.790660
0.780210 0.486050 0.793330
0.784350 0.490540 0.795980
0.788470 0.495040 0.798610
0.792550 0.499560 0.801220
0.796600 0.504110 0.803820
0.800630 0.508680 0.806400
0.804620 0.513270 0.808960
0.808580 0.517880 0.811500
0.812520 0.522510 0.814030
0.816420 0.527160 0.816540
0.820290 0.531840 0.819030
0.824130 0.536530 0.821510
0.827930 0.541250 0.823970
0.831710 0.545990 0.826420
0.835450 0.550740 0.828850
0.839160 0.555520 0.831260
0.842830 0.560320 0.833660
0.846470 0.565140 0.836050
0.850070 0.569980 0.838420
0.853640 0.574840 0.840780
0.857180 0.579720 0.843120
0.860680 0.584620 0.845450
0.864140 0.589540 0.847760
0.867570 0.594480 0.850060
0.870960 0.599430 0.852350
0.874310 0.604410 0.854630
0.877630 0.609410 0.856890
0.880910 0.614430 0.859140
0.884150 0.619470 0.861380
0.887350 0.624520 0.863610
0.890520 0.629600 0.865820
0.893640 0.634700 0.868030
0.896730 0.639810 0.870220
0.899780 0.644940 0.872400
0.902780 0.650090 0.874570
0.905750 0.655260 0.876730
0.908680 0.660450 0.878880
0.911560 0.665660 0.881030
0.914410 0.670880 0.883160
0.917210 0.676130 0.885280
0.919970 0.681390 0.887390
0.922690 0.686670 0.889490
0.925370 0.691960 0.891590
0.928000 0.697280 0.893680
0.930590 0.702610 0.895760
0.933140 0.707960 0.897830
0.935640 0.713320 0.899890
0.938100 0.718710 0.901950
0.940520 0.724110 0.904000
0.942890 0.729520 0.906040
0.945220 0.734960 0.908080
0.947500 0.740410 0.910110
0.949740 0.745870 0.912130
0.951930 0.751350 0.914150
0.954080 0.756850 0.916160
0.956180 0.762370 0.918170
0.958230 0.767890 0.920180
0.960240 0.773440 0.922180
0.962200 0.779000 0.924170
0.964110 0.784580 0.926160
0.965980 0.790170 0.928150
0.967800 0.795770 0.930140
0.969570 0.801390 0.932120
0.971290 0.807030 0.934100
0.972970 0.812670 0.936080
0.974590 0.818340 0.938050
0.976170 0.824020 0.940030
0.977700 0.829710 0.942000
0.979180 0.835410 0.943970
0.980610 0.841130 0.945940
0.981990 0.846860 0.947910
0.983320 0.852610 0.949880
0.984610 0.858360 0.951850
0.985840 0.864140 0.953820
0.987020 0.869920 0.955790
0.988150 0.875720 0.957760
0.989230 0.881520 0.959730
0.990260 0.887340 0.961710
0.991240 0.893180 0.963680
0.992170 0.899020 0.965660
0.993050 0.904880 0.967650
0.993870 0.910740 0.969630
0.994650 0.916620 0.971620
0.995370 0.922510 0.973610
0.996040 0.928410 0.975610
0.996660 0.934320 0.977610
0.997220 0.940250 0.979610
0.997740 0.946180 0.981620
0.998200 0.952120 0.983640
0.998610 0.958070 0.985660
0.998970 0.964030 0.987690
0.999270 0.970000 0.989720
0.999520 0.975980 0.991760
0.999720 0.981970 0.993810
0.999870 0.987970 0.995870
0.999960 0.993980 0.997930
1.000000 1.000000 1.000000
