0.000000 0.000000 0.000000
0.006020 0.005940 0.001100
0.011990 0.011900 0.002190
0.017930 0.017870 0.003290
0.023830 0.023840 0.004390
0.029690 0.029830 0.005490
0.035510 0.035830 0.006600
0.041270 0.041810 0.007700
0.046640 0.047390 0.008810
0.051570 0.052600 0.009790
0.056150 0.057530 0.010440
0.060440 0.062200 0.010750
0.064460 0.066670 0.010730
0.068250 0.070960 0.010360
0.071830 0.075090 0.009630
0.075220 0.079080 0.008560
0.078420 0.082950 0.007120
0.081450 0.086720 0.005310
0.084330 0.090380 0.003130
0.087050 0.093970 0.000580
0.089630 0.097470 0.000000
0.092360 0.100840 0.000000
0.095390 0.104120 0.000000
0.098610 0.107350 0.000000
0.101590 0.110640 0.000000
0.104330 0.114010 0.000000
0.106990 0.117410 0.000000
0.109590 0.120830 0.000000
0.112140 0.124270 0.000000
0.114640 0.127720 0.000000
0.117100 0.131200 0.000000
0.119500 0.134700 0.000000
0.121870 0.138210 0.000000
0.124200 0.141740 0.000000
0.126490 0.145290 0.000000
0.128740 0.148860 0.000000
0.130950 0.152440 0.000000
0.133130 0.156040 0.000000
0.135280 0.159660 0.000000
0.137400 0.163290 0.000000
0.139490 0.166940 0.000000
0.141550 0.170600 0.000000
0.143580 0.174270 0.000000
0.145590 0.177960 0.000000
0.147570 0.181670 0.000000
0.149530 0.185390 0.000000
0.151460 0.189120 0.000000
0.153370 0.192860 0.000000
0.155260 0.196620 0.000000
0.157130 0.200390 0.000000
0.158980 0.204180 0.000000
0.160810 0.207970 0.000000
0.162630 0.211780 0.000000
0.164420 0.215600 0.000000
0.166200 0.219430 0.000000
0.167960 0.223280 0.000000
0.169710 0.227130 0.000000
0.171440 0.231000 0.000000
0.173160 0.234870 0.000000
0.174870 0.238760 0.000000
0.176570 0.242660 0.000000
0.178260 0.246570 0.000000
0.179950 0.250480 0.000000
0.181650 0.254410 0.000000
0.183350 0.258350 0.000000
0.185050 0.262290 0.000000
0.186750 0.266240 0.000000
0.188460 0.270210 0.000000
0.190180 0.274180 0.000000
0.191900 0.278160 0.000000
0.193620 0.282150 0.000000
0.195350 0.286140 0.000000
0.197080 0.290150 0.000000
0.198820 0.294160 0.000000
0.200570 0.298180 0.000000
0.202320 0.302210 0.000000
0.204080 0.306240 0.000000
0.205850 0.310280 0.000000
0.207630 0.314330 0.000000
0.209420 0.318390 0.000000
0.211210 0.322460 0.000000
0.213020 0.326530 0.000000
0.214830 0.330610 0.000000
0.216660 0.334690 0.000000
0.218490 0.338780 0.000000
0.220340 0.342880 0.000000
0.222200 0.346990 0.000000
0.224080 0.351100 0.000000
0.225960 0.355220 0.000000
0.227860 0.359340 0.000000
0.229770 0.363470 0.000000
0.231700 0.367610 0.000000
0.233640 0.371750 0.000000
0.235600 0.375900 0.000000
0.237580 0.380050 0.000000
0.239570 0.384210 0.000000
0.241570 0.388370 0.000000
0.243600 0.392540 0.000000
0.245640 0.396710 0.000000
0.247700 0.400890 0.000000
0.249770 0.405080 0.000000
0.251860 0.409270 0.000000
0.253970 0.413460 0.000000
0.256090 0.417660 0.000000
0.258220 0.421860 0.000000
0.260380 0.426070 0.000000
0.262550 0.430280 0.000000
0.264740 0.434500 0.000000
0.266950 0.438720 0.000000
0.269180 0.442950 0.000000
0.271430 0.447180 0.000000
0.273700 0.451410 0.000000
0.275990 0.455650 0.000000
0.278300 0.459890 0.000000
0.280630 0.464140 0.000000
0.282990 0.468390 0.000000
0.285370 0.472640 0.000000
0.287780 0.476890 0.000000
0.290210 0.481150 0.000000
0.292660 0.485410 0.000000
0.295140 0.489680 0.000000
0.297640 0.493940 0.000000
0.300170 0.498210 0.000000
0.302760 0.502470 0.000000
0.305370 0.506720 0.000000
0.308000 0.510980 0.000000
0.310670 0.515230 0.000000
0.313360 0.519490 0.000000
0.316080 0.523760 0.000000
0.318830 0.528020 0.000000
0.321610 0.532290 0.000000
0.324420 0.536560 0.000000
0.327260 0.540830 0.000000
0.330130 0.545100 0.000000
0.333040 0.549370 0.000000
0.335980 0.553640 0.000000
0.338950 0.557910 0.000000
0.341960 0.562180 0.000000
0.345000 0.566450 0.000000
0.348080 0.570720 0.000000
0.351190 0.574990 0.000000
0.354330 0.579250 0.000000
0.357520 0.583520 0.000000
0.360740 0.587780 0.000000
0.363990 0.592040 0.000000
0.367280 0.596300 0.000000
0.370610 0.600560 0.000000
0.373980 0.604810 0.000000
0.377380 0.609060 0.000000
0.380830 0.613310 0.000000
0.384310 0.617560 0.000000
0.387830 0.621800 0.000000
0.391380 0.626040 0.000000
0.394980 0.630280 0.000000
0.398610 0.634510 0.000000
0.402290 0.638740 0.000000
0.406000 0.642970 0.000000
0.409760 0.647190 0.012580
0.413550 0.651410 0.026120
0.417390 0.655620 0.040500
0.421260 0.659830 0.054100
0.425170 0.664030 0.066300
0.429130 0.668230 0.077570
0.433130 0.672420 0.088170
0.437160 0.676610 0.098290
0.441240 0.680790 0.108040
0.445360 0.684960 0.117500
0.449520 0.689130 0.126730
0.453730 0.693290 0.135780
0.457970 0.697450 0.144690
0.462260 0.701600 0.153480
0.466590 0.705740 0.162180
0.470960 0.709870 0.170810
0.475370 0.714000 0.179380
0.479830 0.718120 0.187910
0.484320 0.722230 0.196410
0.488870 0.726330 0.204880
0.493450 0.730430 0.213350
0.498080 0.734510 0.221810
0.502750 0.738590 0.230280
0.507460 0.742660 0.238750
0.512220 0.746710 0.247230
0.517020 0.750760 0.255730
0.521870 0.754800 0.264250
0.526760 0.758830 0.272800
0.531690 0.762850 0.281370
0.536670 0.766850 0.289980
0.541700 0.770850 0.298620
0.546770 0.774840 0.307290
0.551880 0.778810 0.316000
0.557040 0.782770 0.324750
0.562240 0.786720 0.333540
0.567490 0.790660 0.342380
0.572790 0.794580 0.351260
0.578130 0.798500 0.360180
0.583520 0.802390 0.369150
0.588950 0.806280 0.378170
0.594430 0.810150 0.387230
0.599960 0.814010 0.396340
0.605530 0.817850 0.405510
0.611150 0.821680 0.414720
0.616820 0.825500 0.423990
0.622540 0.829290 0.433300
0.628310 0.833080 0.442670
0.634120 0.836850 0.452090
0.639980 0.840600 0.461560
0.645890 0.844330 0.471090
0.651850 0.848050 0.480660
0.657860 0.851750 0.490300
0.663910 0.855440 0.499980
0.670020 0.859100 0.509720
0.676180 0.862750 0.519510
0.682380 0.866380 0.529360
0.688640 0.869990 0.539260
0.694950 0.873580 0.549210
0.701310 0.877150 0.559220
0.707720 0.880710 0.569270
0.714180 0.884240 0.579390
0.720690 0.887750 0.589550
0.727250 0.891240 0.599770
0.733870 0.894710 0.610050
0.740540 0.898160 0.620370
0.747260 0.901590 0.630750
0.754030 0.905000 0.641180
0.760860 0.908380 0.651660
0.767740 0.911740 0.662190
0.774680 0.915080 0.672770
0.781660 0.918390 0.683410
0.788700 0.921680 0.694090
0.795800 0.924940 0.704830
0.802950 0.928180 0.715610
0.810160 0.931400 0.726450
0.817420 0.934580 0.737330
0.824730 0.937750 0.748260
0.832100 0.940890 0.759240
0.839530 0.944000 0.770270
0.847010 0.947080 0.781340
0.854550 0.950130 0.792470
0.862140 0.953160 0.803630
0.869790 0.956160 0.814850
0.877500 0.959130 0.826100
0.885260 0.962080 0.837410
0.893080 0.964990 0.848750
0.900960 0.967870 0.860150
0.908900 0.970720 0.871580
0.916890 0.973550 0.883050
0.924940 0.976340 0.894570
0.933050 0.979100 0.906130
0.941210 0.981830 0.917730
0.949430 0.984520 0.929370
0.957720 0.987190 0.941050
0.966060 0.989820 0.952760
0.974450 0.992410 0.964520
0.982910 0.994980 0.976310
0.991430 0.997500 0.988140
1.000000 1.000000 1.000000
